121 5.000000000 40.403000000 29.171000000 30
121 23.442101574 40.405476531 29.171353413 30
121 25.442101569 40.405206364 29.171353411 30
121 27.442101565 40.404936197 29.171353410 30
121 29.442101562 40.404666030 29.171353408 30
121 31.442101560 40.404395863 29.171353407 30
121 33.442101558 40.404125696 29.171353406 30
121 35.442101558 40.403855529 29.171353404 30
121 37.442101557 40.403585361 29.171353403 30
121 39.442101557 40.403315194 29.171353401 30
121 41.442101557 40.403045027 29.171353400 30
121 43.469689067 40.402999998 29.171706799 30
121 45.469689067 40.403270165 29.171706802 30
121 47.469689067 40.403540332 29.171706805 30
121 49.469689066 40.403810499 29.171706808 30
121 51.469689065 40.404080666 29.171706811 30
121 53.469689064 40.404350833 29.171706813 30
121 55.469689062 40.404621000 29.171706816 30
121 57.469689059 40.404891167 29.171706819 30
121 59.469689055 40.405161334 29.171706822 30
121 61.469689050 40.405431501 29.171706825 30
121 63.497276557 40.405476526 29.172060238 30
121 65.497276552 40.405206359 29.172060233 30
121 67.497276548 40.404936192 29.172060229 30
121 69.497276545 40.404666025 29.172060225 30
121 71.497276542 40.404395858 29.172060221 30
121 73.497276541 40.404125691 29.172060217 30
121 75.497276540 40.403855524 29.172060212 30
121 77.497276539 40.403585357 29.172060208 30
121 79.497276539 40.403315190 29.172060204 30
121 81.497276539 40.403045023 29.172060200 30
121 83.524864048 40.402999991 29.172413598 30
121 85.524864048 40.403270158 29.172413604 30
121 87.524864047 40.403540326 29.172413610 30
121 89.524864046 40.403810493 29.172413615 30
121 91.524864045 40.404080660 29.172413621 30
121 93.524864043 40.404350827 29.172413627 30
121 95.524864041 40.404620994 29.172413632 30
121 97.524864038 40.404891161 29.172413638 30
121 99.524864034 40.405161328 29.172413644 30
121 101.524864029 40.405431495 29.172413649 30
121 103.552451535 40.405476518 29.172767063 30
121 105.552451530 40.405206351 29.172767056 30
121 107.552451525 40.404936184 29.172767049 30
121 109.552451522 40.404666017 29.172767042 30
121 111.552451519 40.404395850 29.172767035 30
121 113.552451517 40.404125683 29.172767028 30
121 115.552451515 40.403855516 29.172767020 30
121 117.552451514 40.403585349 29.172767013 30
121 119.552451514 40.403315181 29.172767006 30
121 121.552451513 40.403045014 29.172766999 30
121 123.580039022 40.402999981 29.173120398 30
121 125.580039021 40.403270148 29.173120406 30
121 127.580039020 40.403540315 29.173120415 30
121 129.580039019 40.403810482 29.173120423 30
121 131.580039017 40.404080649 29.173120432 30
121 133.580039015 40.404350816 29.173120440 30
121 135.580039012 40.404620983 29.173120449 30
121 137.580039008 40.404891150 29.173120457 30
121 139.580039004 40.405161317 29.173120466 30
121 141.580038998 40.405431484 29.173120474 30
121 144.183455554 40.405206338 29.173473878 30
121 146.183455549 40.404936171 29.173473868 30
121 148.183455545 40.404666004 29.173473858 30
121 150.183455541 40.404395837 29.173473848 30
121 152.183455539 40.404125670 29.173473839 30
121 154.183455537 40.403855503 29.173473829 30
121 156.183455535 40.403585336 29.173473819 30
121 158.183455534 40.403315168 29.173473809 30
121 160.183455533 40.403045001 29.173473799 30
121 162.211043040 40.402999965 29.173827197 30
121 164.211043038 40.403270133 29.173827208 30
121 166.211043037 40.403540300 29.173827220 30
121 168.211043035 40.403810467 29.173827231 30
121 170.211043032 40.404080634 29.173827242 30
121 172.211043030 40.404350801 29.173827253 30
121 174.211043026 40.404620968 29.173827265 30
121 176.211043022 40.404891135 29.173827276 30
121 178.211043017 40.405161302 29.173827287 30
121 180.211043011 40.405431469 29.173827299 30
121 182.814459565 40.405206321 29.174180700 30
121 184.814459559 40.404936153 29.174180688 30
121 186.814459554 40.404665986 29.174180675 30
121 188.814459550 40.404395819 29.174180662 30
121 190.814459547 40.404125652 29.174180650 30
121 192.814459545 40.403855485 29.174180637 30
121 194.814459542 40.403585318 29.174180624 30
121 196.814459540 40.403315151 29.174180611 30
121 198.814459538 40.403044984 29.174180599 30
121 200.842047042 40.402999946 29.174533996 30
121 202.842047040 40.403270113 29.174534010 30
121 204.842047038 40.403540280 29.174534024 30
121 206.842047035 40.403810447 29.174534039 30
121 208.842047032 40.404080614 29.174534053 30
121 210.842047029 40.404350781 29.174534067 30
121 212.842047024 40.404620948 29.174534081 30
121 214.842047019 40.404891115 29.174534095 30
121 216.842047013 40.405161282 29.174534109 30
121 218.842047006 40.405431449 29.174534123 30
121 221.445463559 40.405206299 29.174887523 30
121 223.445463553 40.404936132 29.174887507 30
121 225.445463547 40.404665965 29.174887492 30
121 227.445463542 40.404395798 29.174887476 30
121 229.445463538 40.404125631 29.174887461 30
121 231.445463535 40.403855464 29.174887445 30
121 233.445463531 40.403585297 29.174887430 30
121 235.445463529 40.403315130 29.174887414 30
121 237.445463526 40.403044963 29.174887398 30
121 239.473051027 40.402999922 29.175240795 30
121 241.473051023 40.403270089 29.175240812 30
121 243.473051020 40.403540256 29.175240829 30
121 245.473051016 40.403810423 29.175240846 30
121 247.473051012 40.404080591 29.175240863 30
121 249.473051008 40.404350758 29.175240880 30
121 251.473051003 40.404620925 29.175240897 30
121 253.473050997 40.404891092 29.175240914 30
121 255.473050990 40.405161259 29.175240931 30
121 257.473050982 40.405431426 29.175240948 30
