1 0 40.403233971 29.171176700 0
2 0 40.403233970 29.171530101 0
3 0 40.403233968 29.171883502 0
4 0 40.403233965 29.172236903 0
5 0 40.403233961 29.172590304 0
6 0 40.403233955 29.172943705 0
7 0 40.403233949 29.173297105 0
8 0 40.403233941 29.173650506 0
9 0 40.403233933 29.174003907 0
10 0 40.403233923 29.174357308 0
11 0 40.403233912 29.174710709 0
12 0 40.403233900 29.175064110 0
13 0 40.403467943 29.171353402 0
14 0 40.403467941 29.171706804 0
15 0 40.403467938 29.172060206 0
16 0 40.403467934 29.172413608 0
17 0 40.403467930 29.172767010 0
18 0 40.403467924 29.173120412 0
19 0 40.403467917 29.173473814 0
20 0 40.403467909 29.173827217 0
21 0 40.403467899 29.174180619 0
22 0 40.403467889 29.174534021 0
23 0 40.403467878 29.174887423 0
24 0 40.403467865 29.175240825 0
25 0 40.403701915 29.171176702 0
26 0 40.403701913 29.171530105 0
27 0 40.403701911 29.171883508 0
28 0 40.403701908 29.172236912 0
29 0 40.403701904 29.172590315 0
30 0 40.403701898 29.172943718 0
31 0 40.403701892 29.173297121 0
32 0 40.403701884 29.173650525 0
33 0 40.403701876 29.174003928 0
34 0 40.403701866 29.174357331 0
35 0 40.403701855 29.174710735 0
36 0 40.403701843 29.175064138 0
37 0 40.403935886 29.171353405 0
38 0 40.403935884 29.171706809 0
39 0 40.403935881 29.172060214 0
40 0 40.403935878 29.172413618 0
41 0 40.403935873 29.172767023 0
42 0 40.403935867 29.173120427 0
43 0 40.403935860 29.173473832 0
44 0 40.403935852 29.173827236 0
45 0 40.403935842 29.174180641 0
46 0 40.403935832 29.174534045 0
47 0 40.403935821 29.174887450 0
48 0 40.403935808 29.175240854 0
49 0 40.404169858 29.171176703 0
50 0 40.404169857 29.171530109 0
51 0 40.404169854 29.171883514 0
52 0 40.404169851 29.172236920 0
53 0 40.404169847 29.172590326 0
54 0 40.404169841 29.172943732 0
55 0 40.404169835 29.173297137 0
56 0 40.404169827 29.173650543 0
57 0 40.404169819 29.174003949 0
58 0 40.404169809 29.174357355 0
59 0 40.404169798 29.174710760 0
60 0 40.404169786 29.175064166 0
61 0 40.404403829 29.171353407 0
62 0 40.404403827 29.171706814 0
63 0 40.404403824 29.172060221 0
64 0 40.404403821 29.172413628 0
65 0 40.404403816 29.172767035 0
66 0 40.404403810 29.173120442 0
67 0 40.404403803 29.173473849 0
68 0 40.404403795 29.173827256 0
69 0 40.404403786 29.174180663 0
70 0 40.404403775 29.174534070 0
71 0 40.404403764 29.174887477 0
72 0 40.404403752 29.175240884 0
73 0 40.404637801 29.171176704 0
74 0 40.404637800 29.171530112 0
75 0 40.404637797 29.171883520 0
76 0 40.404637794 29.172236929 0
77 0 40.404637790 29.172590337 0
78 0 40.404637784 29.172943745 0
79 0 40.404637778 29.173297153 0
80 0 40.404637770 29.173650561 0
81 0 40.404637762 29.174003970 0
82 0 40.404637752 29.174357378 0
83 0 40.404637741 29.174710786 0
84 0 40.404637729 29.175064194 0
85 0 40.404871772 29.171353409 0
86 0 40.404871770 29.171706819 0
87 0 40.404871767 29.172060228 0
88 0 40.404871764 29.172413638 0
89 0 40.404871759 29.172767047 0
90 0 40.404871753 29.173120456 0
91 0 40.404871746 29.173473866 0
92 0 40.404871738 29.173827275 0
93 0 40.404871729 29.174180685 0
94 0 40.404871718 29.174534094 0
95 0 40.404871707 29.174887504 0
96 0 40.404871695 29.175240913 0
97 0 40.405105744 29.171176705 0
98 0 40.405105743 29.171530116 0
99 0 40.405105740 29.171883527 0
100 0 40.405105737 29.172236937 0
101 0 40.405105733 29.172590348 0
102 0 40.405105727 29.172943758 0
103 0 40.405105721 29.173297169 0
104 0 40.405105713 29.173650580 0
105 0 40.405105705 29.174003990 0
106 0 40.405105695 29.174357401 0
107 0 40.405105684 29.174710812 0
108 0 40.405105672 29.175064222 0
109 0 40.405339715 29.171353412 0
110 0 40.405339713 29.171706824 0
111 0 40.405339710 29.172060236 0
112 0 40.405339707 29.172413647 0
113 0 40.405339702 29.172767059 0
114 0 40.405339696 29.173120471 0
115 0 40.405339689 29.173473883 0
116 0 40.405339681 29.173827295 0
117 0 40.405339672 29.174180707 0
118 0 40.405339661 29.174534119 0
119 0 40.405339650 29.174887530 0
120 0 40.405339637 29.175240942 0
