121 5.000000000 40.403000000 29.171000000 30
121 60.326304722 40.405476531 29.171353413 30
121 66.326304707 40.405206364 29.171353411 30
121 72.326304695 40.404936197 29.171353410 30
121 78.326304686 40.404666030 29.171353408 30
121 84.326304680 40.404395863 29.171353407 30
121 90.326304675 40.404125696 29.171353406 30
121 96.326304673 40.403855529 29.171353404 30
121 102.326304671 40.403585361 29.171353403 30
121 108.326304671 40.403315194 29.171353401 30
121 114.326304670 40.403045027 29.171353400 30
121 120.409067201 40.402999998 29.171706799 30
121 126.409067201 40.403270165 29.171706802 30
121 132.409067201 40.403540332 29.171706805 30
121 138.409067199 40.403810499 29.171706808 30
121 144.409067196 40.404080666 29.171706811 30
121 150.409067192 40.404350833 29.171706813 30
121 156.409067185 40.404621000 29.171706816 30
121 162.409067176 40.404891167 29.171706819 30
121 168.409067165 40.405161334 29.171706822 30
121 174.409067151 40.405431501 29.171706825 30
121 180.491829672 40.405476526 29.172060238 30
121 186.491829657 40.405206359 29.172060233 30
121 192.491829644 40.404936192 29.172060229 30
121 198.491829635 40.404666025 29.172060225 30
121 204.491829627 40.404395858 29.172060221 30
121 210.491829623 40.404125691 29.172060217 30
121 216.491829619 40.403855524 29.172060212 30
121 222.491829617 40.403585357 29.172060208 30
121 228.491829616 40.403315190 29.172060204 30
121 234.491829616 40.403045023 29.172060200 30
121 240.574592144 40.402999991 29.172413598 30
121 246.574592143 40.403270158 29.172413604 30
121 252.574592142 40.403540326 29.172413610 30
121 258.574592139 40.403810493 29.172413615 30
121 264.574592135 40.404080660 29.172413621 30
121 270.574592130 40.404350827 29.172413627 30
121 276.574592123 40.404620994 29.172413632 30
121 282.574592114 40.404891161 29.172413638 30
121 288.574592101 40.405161328 29.172413644 30
121 294.574592086 40.405431495 29.172413649 30
121 300.657354605 40.405476518 29.172767063 30
121 306.657354589 40.405206351 29.172767056 30
121 312.657354575 40.404936184 29.172767049 30
121 318.657354565 40.404666017 29.172767042 30
121 324.657354557 40.404395850 29.172767035 30
121 330.657354551 40.404125683 29.172767028 30
121 336.657354546 40.403855516 29.172767020 30
121 342.657354543 40.403585349 29.172767013 30
121 348.657354541 40.403315181 29.172767006 30
121 354.657354539 40.403045014 29.172766999 30
121 360.740117065 40.402999981 29.173120398 30
121 366.740117062 40.403270148 29.173120406 30
121 372.740117060 40.403540315 29.173120415 30
121 378.740117056 40.403810482 29.173120423 30
121 384.740117051 40.404080649 29.173120432 30
121 390.740117045 40.404350816 29.173120440 30
121 396.740117036 40.404620983 29.173120449 30
121 402.740117025 40.404891150 29.173120457 30
121 408.740117012 40.405161317 29.173120466 30
121 414.740116995 40.405431484 29.173120474 30
121 422.550366661 40.405206338 29.173473878 30
121 428.550366646 40.404936171 29.173473868 30
121 434.550366634 40.404666004 29.173473858 30
121 440.550366624 40.404395837 29.173473848 30
121 446.550366617 40.404125670 29.173473839 30
121 452.550366610 40.403855503 29.173473829 30
121 458.550366606 40.403585336 29.173473819 30
121 464.550366602 40.403315168 29.173473809 30
121 470.550366599 40.403045001 29.173473799 30
121 476.633129119 40.402999965 29.173827197 30
121 482.633129114 40.403270133 29.173827208 30
121 488.633129110 40.403540300 29.173827220 30
121 494.633129104 40.403810467 29.173827231 30
121 500.633129097 40.404080634 29.173827242 30
121 506.633129089 40.404350801 29.173827253 30
121 512.633129078 40.404620968 29.173827265 30
121 518.633129066 40.404891135 29.173827276 30
121 524.633129050 40.405161302 29.173827287 30
121 530.633129032 40.405431469 29.173827299 30
121 538.443378694 40.405206321 29.174180700 30
121 544.443378677 40.404936153 29.174180688 30
121 550.443378663 40.404665986 29.174180675 30
121 556.443378651 40.404395819 29.174180662 30
121 562.443378641 40.404125652 29.174180650 30
121 568.443378634 40.403855485 29.174180637 30
121 574.443378627 40.403585318 29.174180624 30
121 580.443378621 40.403315151 29.174180611 30
121 586.443378615 40.403044984 29.174180599 30
121 592.526141127 40.402999946 29.174533996 30
121 598.526141121 40.403270113 29.174534010 30
121 604.526141114 40.403540280 29.174534024 30
121 610.526141106 40.403810447 29.174534039 30
121 616.526141096 40.404080614 29.174534053 30
121 622.526141086 40.404350781 29.174534067 30
121 628.526141073 40.404620948 29.174534081 30
121 634.526141058 40.404891115 29.174534095 30
121 640.526141040 40.405161282 29.174534109 30
121 646.526141019 40.405431449 29.174534123 30
121 654.336390678 40.405206299 29.174887523 30
121 660.336390658 40.404936132 29.174887507 30
121 666.336390641 40.404665965 29.174887492 30
121 672.336390627 40.404395798 29.174887476 30
121 678.336390614 40.404125631 29.174887461 30
121 684.336390604 40.403855464 29.174887445 30
121 690.336390594 40.403585297 29.174887430 30
121 696.336390586 40.403315130 29.174887414 30
121 702.336390577 40.403044963 29.174887398 30
121 708.419153080 40.402999922 29.175240795 30
121 714.419153070 40.403270089 29.175240812 30
121 720.419153060 40.403540256 29.175240829 30
121 726.419153049 40.403810423 29.175240846 30
121 732.419153037 40.404080591 29.175240863 30
121 738.419153024 40.404350758 29.175240880 30
121 744.419153008 40.404620925 29.175240897 30
121 750.419152990 40.404891092 29.175240914 30
121 756.419152969 40.405161259 29.175240931 30
121 762.419152945 40.405431426 29.175240948 30
