121 5.000000000 40.403000000 29.171000000 30
121 18.831576181 40.405476531 29.171353413 30
121 20.331576177 40.405206364 29.171353411 30
121 21.831576174 40.404936197 29.171353410 30
121 23.331576172 40.404666030 29.171353408 30
121 24.831576170 40.404395863 29.171353407 30
121 26.331576169 40.404125696 29.171353406 30
121 27.831576168 40.403855529 29.171353404 30
121 29.331576168 40.403585361 29.171353403 30
121 30.831576168 40.403315194 29.171353401 30
121 32.331576168 40.403045027 29.171353400 30
121 33.852266800 40.402999998 29.171706799 30
121 35.352266800 40.403270165 29.171706802 30
121 36.852266800 40.403540332 29.171706805 30
121 38.352266800 40.403810499 29.171706808 30
121 39.852266799 40.404080666 29.171706811 30
121 41.352266798 40.404350833 29.171706813 30
121 42.852266796 40.404621000 29.171706816 30
121 44.352266794 40.404891167 29.171706819 30
121 45.852266791 40.405161334 29.171706822 30
121 47.352266788 40.405431501 29.171706825 30
121 48.872957418 40.405476526 29.172060238 30
121 50.372957414 40.405206359 29.172060233 30
121 51.872957411 40.404936192 29.172060229 30
121 53.372957409 40.404666025 29.172060225 30
121 54.872957407 40.404395858 29.172060221 30
121 56.372957406 40.404125691 29.172060217 30
121 57.872957405 40.403855524 29.172060212 30
121 59.372957404 40.403585357 29.172060208 30
121 60.872957404 40.403315190 29.172060204 30
121 62.372957404 40.403045023 29.172060200 30
121 63.893648036 40.402999991 29.172413598 30
121 65.393648036 40.403270158 29.172413604 30
121 66.893648036 40.403540326 29.172413610 30
121 68.393648035 40.403810493 29.172413615 30
121 69.893648034 40.404080660 29.172413621 30
121 71.393648032 40.404350827 29.172413627 30
121 72.893648031 40.404620994 29.172413632 30
121 74.393648028 40.404891161 29.172413638 30
121 75.893648025 40.405161328 29.172413644 30
121 77.393648021 40.405431495 29.172413649 30
121 78.914338651 40.405476518 29.172767063 30
121 80.414338647 40.405206351 29.172767056 30
121 81.914338644 40.404936184 29.172767049 30
121 83.414338641 40.404666017 29.172767042 30
121 84.914338639 40.404395850 29.172767035 30
121 86.414338638 40.404125683 29.172767028 30
121 87.914338637 40.403855516 29.172767020 30
121 89.414338636 40.403585349 29.172767013 30
121 90.914338635 40.403315181 29.172767006 30
121 92.414338635 40.403045014 29.172766999 30
121 93.935029266 40.402999981 29.173120398 30
121 95.435029266 40.403270148 29.173120406 30
121 96.935029265 40.403540315 29.173120415 30
121 98.435029264 40.403810482 29.173120423 30
121 99.935029263 40.404080649 29.173120432 30
121 101.435029261 40.404350816 29.173120440 30
121 102.935029259 40.404620983 29.173120449 30
121 104.435029256 40.404891150 29.173120457 30
121 105.935029253 40.405161317 29.173120466 30
121 107.435029249 40.405431484 29.173120474 30
121 109.387591665 40.405206338 29.173473878 30
121 110.887591661 40.404936171 29.173473868 30
121 112.387591658 40.404666004 29.173473858 30
121 113.887591656 40.404395837 29.173473848 30
121 115.387591654 40.404125670 29.173473839 30
121 116.887591653 40.403855503 29.173473829 30
121 118.387591652 40.403585336 29.173473819 30
121 119.887591650 40.403315168 29.173473809 30
121 121.387591650 40.403045001 29.173473799 30
121 122.908282280 40.402999965 29.173827197 30
121 124.408282278 40.403270133 29.173827208 30
121 125.908282278 40.403540300 29.173827220 30
121 127.408282276 40.403810467 29.173827231 30
121 128.908282274 40.404080634 29.173827242 30
121 130.408282272 40.404350801 29.173827253 30
121 131.908282270 40.404620968 29.173827265 30
121 133.408282267 40.404891135 29.173827276 30
121 134.908282262 40.405161302 29.173827287 30
121 136.408282258 40.405431469 29.173827299 30
121 138.360844673 40.405206321 29.174180700 30
121 139.860844669 40.404936153 29.174180688 30
121 141.360844666 40.404665986 29.174180675 30
121 142.860844663 40.404395819 29.174180662 30
121 144.360844660 40.404125652 29.174180650 30
121 145.860844659 40.403855485 29.174180637 30
121 147.360844657 40.403585318 29.174180624 30
121 148.860844655 40.403315151 29.174180611 30
121 150.360844654 40.403044984 29.174180599 30
121 151.881535282 40.402999946 29.174533996 30
121 153.381535280 40.403270113 29.174534010 30
121 154.881535278 40.403540280 29.174534024 30
121 156.381535276 40.403810447 29.174534039 30
121 157.881535274 40.404080614 29.174534053 30
121 159.381535272 40.404350781 29.174534067 30
121 160.881535268 40.404620948 29.174534081 30
121 162.381535265 40.404891115 29.174534095 30
121 163.881535260 40.405161282 29.174534109 30
121 165.381535255 40.405431449 29.174534123 30
121 167.334097670 40.405206299 29.174887523 30
121 168.834097665 40.404936132 29.174887507 30
121 170.334097660 40.404665965 29.174887492 30
121 171.834097657 40.404395798 29.174887476 30
121 173.334097654 40.404125631 29.174887461 30
121 174.834097651 40.403855464 29.174887445 30
121 176.334097649 40.403585297 29.174887430 30
121 177.834097646 40.403315130 29.174887414 30
121 179.334097644 40.403044963 29.174887398 30
121 180.854788270 40.402999922 29.175240795 30
121 182.354788267 40.403270089 29.175240812 30
121 183.854788265 40.403540256 29.175240829 30
121 185.354788262 40.403810423 29.175240846 30
121 186.854788259 40.404080591 29.175240863 30
121 188.354788256 40.404350758 29.175240880 30
121 189.854788252 40.404620925 29.175240897 30
121 191.354788248 40.404891092 29.175240914 30
121 192.854788242 40.405161259 29.175240931 30
121 194.354788236 40.405431426 29.175240948 30
