1 0.000000000 40.403233971 29.171176700
2 0.000000000 40.403233970 29.171530101
3 0.000000000 40.403233968 29.171883502
4 0.000000000 40.403233965 29.172236903
5 0.000000000 40.403233961 29.172590304
6 0.000000000 40.403233955 29.172943705
7 0.000000000 40.403233949 29.173297105
8 0.000000000 40.403233941 29.173650506
9 0.000000000 40.403233933 29.174003907
10 0.000000000 40.403233923 29.174357308
11 0.000000000 40.403233912 29.174710709
12 0.000000000 40.403233900 29.175064110
13 0.000000000 40.403467943 29.171353402
14 0.000000000 40.403467941 29.171706804
15 0.000000000 40.403467938 29.172060206
16 0.000000000 40.403467934 29.172413608
17 0.000000000 40.403467930 29.172767010
18 0.000000000 40.403467924 29.173120412
19 0.000000000 40.403467917 29.173473814
20 0.000000000 40.403467909 29.173827217
21 0.000000000 40.403467899 29.174180619
22 0.000000000 40.403467889 29.174534021
23 0.000000000 40.403467878 29.174887423
24 0.000000000 40.403467865 29.175240825
25 0.000000000 40.403701915 29.171176702
26 0.000000000 40.403701913 29.171530105
27 0.000000000 40.403701911 29.171883508
28 0.000000000 40.403701908 29.172236912
29 0.000000000 40.403701904 29.172590315
30 0.000000000 40.403701898 29.172943718
31 0.000000000 40.403701892 29.173297121
32 0.000000000 40.403701884 29.173650525
33 0.000000000 40.403701876 29.174003928
34 0.000000000 40.403701866 29.174357331
35 0.000000000 40.403701855 29.174710735
36 0.000000000 40.403701843 29.175064138
37 0.000000000 40.403935886 29.171353405
38 0.000000000 40.403935884 29.171706809
39 0.000000000 40.403935881 29.172060214
40 0.000000000 40.403935878 29.172413618
41 0.000000000 40.403935873 29.172767023
42 0.000000000 40.403935867 29.173120427
43 0.000000000 40.403935860 29.173473832
44 0.000000000 40.403935852 29.173827236
45 0.000000000 40.403935842 29.174180641
46 0.000000000 40.403935832 29.174534045
47 0.000000000 40.403935821 29.174887450
48 0.000000000 40.403935808 29.175240854
49 0.000000000 40.404169858 29.171176703
50 0.000000000 40.404169857 29.171530109
51 0.000000000 40.404169854 29.171883514
52 0.000000000 40.404169851 29.172236920
53 0.000000000 40.404169847 29.172590326
54 0.000000000 40.404169841 29.172943732
55 0.000000000 40.404169835 29.173297137
56 0.000000000 40.404169827 29.173650543
57 0.000000000 40.404169819 29.174003949
58 0.000000000 40.404169809 29.174357355
59 0.000000000 40.404169798 29.174710760
60 0.000000000 40.404169786 29.175064166
61 0.000000000 40.404403829 29.171353407
62 0.000000000 40.404403827 29.171706814
63 0.000000000 40.404403824 29.172060221
64 0.000000000 40.404403821 29.172413628
65 0.000000000 40.404403816 29.172767035
66 0.000000000 40.404403810 29.173120442
67 0.000000000 40.404403803 29.173473849
68 0.000000000 40.404403795 29.173827256
69 0.000000000 40.404403786 29.174180663
70 0.000000000 40.404403775 29.174534070
71 0.000000000 40.404403764 29.174887477
72 0.000000000 40.404403752 29.175240884
73 0.000000000 40.404637801 29.171176704
74 0.000000000 40.404637800 29.171530112
75 0.000000000 40.404637797 29.171883520
76 0.000000000 40.404637794 29.172236929
77 0.000000000 40.404637790 29.172590337
78 0.000000000 40.404637784 29.172943745
79 0.000000000 40.404637778 29.173297153
80 0.000000000 40.404637770 29.173650561
81 0.000000000 40.404637762 29.174003970
82 0.000000000 40.404637752 29.174357378
83 0.000000000 40.404637741 29.174710786
84 0.000000000 40.404637729 29.175064194
85 0.000000000 40.404871772 29.171353409
86 0.000000000 40.404871770 29.171706819
87 0.000000000 40.404871767 29.172060228
88 0.000000000 40.404871764 29.172413638
89 0.000000000 40.404871759 29.172767047
90 0.000000000 40.404871753 29.173120456
91 0.000000000 40.404871746 29.173473866
92 0.000000000 40.404871738 29.173827275
93 0.000000000 40.404871729 29.174180685
94 0.000000000 40.404871718 29.174534094
95 0.000000000 40.404871707 29.174887504
96 0.000000000 40.404871695 29.175240913
97 0.000000000 40.405105744 29.171176705
98 0.000000000 40.405105743 29.171530116
99 0.000000000 40.405105740 29.171883527
100 0.000000000 40.405105737 29.172236937
101 0.000000000 40.405105733 29.172590348
102 0.000000000 40.405105727 29.172943758
103 0.000000000 40.405105721 29.173297169
104 0.000000000 40.405105713 29.173650580
105 0.000000000 40.405105705 29.174003990
106 0.000000000 40.405105695 29.174357401
107 0.000000000 40.405105684 29.174710812
108 0.000000000 40.405105672 29.175064222
109 0.000000000 40.405339715 29.171353412
110 0.000000000 40.405339713 29.171706824
111 0.000000000 40.405339710 29.172060236
112 0.000000000 40.405339707 29.172413647
113 0.000000000 40.405339702 29.172767059
114 0.000000000 40.405339696 29.173120471
115 0.000000000 40.405339689 29.173473883
116 0.000000000 40.405339681 29.173827295
117 0.000000000 40.405339672 29.174180707
118 0.000000000 40.405339661 29.174534119
119 0.000000000 40.405339650 29.174887530
120 0.000000000 40.405339637 29.175240942