121 5.000000000 40.403000000 29.171000000 30
121 143.315761805 40.405476531 29.171353413 30
121 158.315761768 40.405206364 29.171353411 30
121 173.315761737 40.404936197 29.171353410 30
121 188.315761715 40.404666030 29.171353408 30
121 203.315761700 40.404395863 29.171353407 30
121 218.315761688 40.404125696 29.171353406 30
121 233.315761682 40.403855529 29.171353404 30
121 248.315761678 40.403585361 29.171353403 30
121 263.315761678 40.403315194 29.171353401 30
121 278.315761675 40.403045027 29.171353400 30
121 293.522668002 40.402999998 29.171706799 30
121 308.522668002 40.403270165 29.171706802 30
121 323.522668002 40.403540332 29.171706805 30
121 338.522667997 40.403810499 29.171706808 30
121 353.522667990 40.404080666 29.171706811 30
121 368.522667980 40.404350833 29.171706813 30
121 383.522667963 40.404621000 29.171706816 30
121 398.522667940 40.404891167 29.171706819 30
121 413.522667913 40.405161334 29.171706822 30
121 428.522667877 40.405431501 29.171706825 30
121 443.729574180 40.405476526 29.172060238 30
121 458.729574143 40.405206359 29.172060233 30
121 473.729574110 40.404936192 29.172060229 30
121 488.729574087 40.404666025 29.172060225 30
121 503.729574067 40.404395858 29.172060221 30
121 518.729574058 40.404125691 29.172060217 30
121 533.729574047 40.403855524 29.172060212 30
121 548.729574042 40.403585357 29.172060208 30
121 563.729574040 40.403315190 29.172060204 30
121 578.729574040 40.403045023 29.172060200 30
121 593.936480360 40.402999991 29.172413598 30
121 608.936480357 40.403270158 29.172413604 30
121 623.936480355 40.403540326 29.172413610 30
121 638.936480348 40.403810493 29.172413615 30
121 653.936480337 40.404080660 29.172413621 30
121 668.936480325 40.404350827 29.172413627 30
121 683.936480308 40.404620994 29.172413632 30
121 698.936480285 40.404891161 29.172413638 30
121 713.936480253 40.405161328 29.172413644 30
121 728.936480215 40.405431495 29.172413649 30
121 744.143386513 40.405476518 29.172767063 30
121 759.143386473 40.405206351 29.172767056 30
121 774.143386437 40.404936184 29.172767049 30
121 789.143386412 40.404666017 29.172767042 30
121 804.143386393 40.404395850 29.172767035 30
121 819.143386378 40.404125683 29.172767028 30
121 834.143386365 40.403855516 29.172767020 30
121 849.143386358 40.403585349 29.172767013 30
121 864.143386353 40.403315181 29.172767006 30
121 879.143386347 40.403045014 29.172766999 30
121 894.350292663 40.402999981 29.173120398 30
121 909.350292655 40.403270148 29.173120406 30
121 924.350292650 40.403540315 29.173120415 30
121 939.350292640 40.403810482 29.173120423 30
121 954.350292628 40.404080649 29.173120432 30
121 969.350292612 40.404350816 29.173120440 30
121 984.350292590 40.404620983 29.173120449 30
121 999.350292563 40.404891150 29.173120457 30
121 1014.350292530 40.405161317 29.173120466 30
121 1029.350292487 40.405431484 29.173120474 30
121 1048.875916653 40.405206338 29.173473878 30
121 1063.875916615 40.404936171 29.173473868 30
121 1078.875916585 40.404666004 29.173473858 30
121 1093.875916560 40.404395837 29.173473848 30
121 1108.875916542 40.404125670 29.173473839 30
121 1123.875916525 40.403855503 29.173473829 30
121 1138.875916515 40.403585336 29.173473819 30
121 1153.875916505 40.403315168 29.173473809 30
121 1168.875916497 40.403045001 29.173473799 30
121 1184.082822798 40.402999965 29.173827197 30
121 1199.082822785 40.403270133 29.173827208 30
121 1214.082822775 40.403540300 29.173827220 30
121 1229.082822760 40.403810467 29.173827231 30
121 1244.082822742 40.404080634 29.173827242 30
121 1259.082822723 40.404350801 29.173827253 30
121 1274.082822695 40.404620968 29.173827265 30
121 1289.082822665 40.404891135 29.173827276 30
121 1304.082822625 40.405161302 29.173827287 30
121 1319.082822580 40.405431469 29.173827299 30
121 1338.608446735 40.405206321 29.174180700 30
121 1353.608446693 40.404936153 29.174180688 30
121 1368.608446657 40.404665986 29.174180675 30
121 1383.608446627 40.404395819 29.174180662 30
121 1398.608446602 40.404125652 29.174180650 30
121 1413.608446585 40.403855485 29.174180637 30
121 1428.608446568 40.403585318 29.174180624 30
121 1443.608446553 40.403315151 29.174180611 30
121 1458.608446538 40.403044984 29.174180599 30
121 1473.815352817 40.402999946 29.174533996 30
121 1488.815352803 40.403270113 29.174534010 30
121 1503.815352785 40.403540280 29.174534024 30
121 1518.815352765 40.403810447 29.174534039 30
121 1533.815352740 40.404080614 29.174534053 30
121 1548.815352715 40.404350781 29.174534067 30
121 1563.815352682 40.404620948 29.174534081 30
121 1578.815352645 40.404891115 29.174534095 30
121 1593.815352600 40.405161282 29.174534109 30
121 1608.815352547 40.405431449 29.174534123 30
121 1628.340976695 40.405206299 29.174887523 30
121 1643.340976645 40.404936132 29.174887507 30
121 1658.340976602 40.404665965 29.174887492 30
121 1673.340976568 40.404395798 29.174887476 30
121 1688.340976535 40.404125631 29.174887461 30
121 1703.340976510 40.403855464 29.174887445 30
121 1718.340976485 40.403585297 29.174887430 30
121 1733.340976465 40.403315130 29.174887414 30
121 1748.340976443 40.403044963 29.174887398 30
121 1763.547882700 40.402999922 29.175240795 30
121 1778.547882675 40.403270089 29.175240812 30
121 1793.547882650 40.403540256 29.175240829 30
121 1808.547882622 40.403810423 29.175240846 30
121 1823.547882592 40.404080591 29.175240863 30
121 1838.547882560 40.404350758 29.175240880 30
121 1853.547882520 40.404620925 29.175240897 30
121 1868.547882475 40.404891092 29.175240914 30
121 1883.547882423 40.405161259 29.175240931 30
121 1898.547882362 40.405431426 29.175240948 30
