121 5.000000000 40.403000000 29.171000000 30
121 32.663152361 40.405476531 29.171353413 30
121 35.663152354 40.405206364 29.171353411 30
121 38.663152348 40.404936197 29.171353410 30
121 41.663152343 40.404666030 29.171353408 30
121 44.663152340 40.404395863 29.171353407 30
121 47.663152338 40.404125696 29.171353406 30
121 50.663152336 40.403855529 29.171353404 30
121 53.663152336 40.403585361 29.171353403 30
121 56.663152336 40.403315194 29.171353401 30
121 59.663152335 40.403045027 29.171353400 30
121 62.704533600 40.402999998 29.171706799 30
121 65.704533600 40.403270165 29.171706802 30
121 68.704533600 40.403540332 29.171706805 30
121 71.704533599 40.403810499 29.171706808 30
121 74.704533598 40.404080666 29.171706811 30
121 77.704533596 40.404350833 29.171706813 30
121 80.704533592 40.404621000 29.171706816 30
121 83.704533588 40.404891167 29.171706819 30
121 86.704533583 40.405161334 29.171706822 30
121 89.704533575 40.405431501 29.171706825 30
121 92.745914836 40.405476526 29.172060238 30
121 95.745914829 40.405206359 29.172060233 30
121 98.745914822 40.404936192 29.172060229 30
121 101.745914817 40.404666025 29.172060225 30
121 104.745914813 40.404395858 29.172060221 30
121 107.745914812 40.404125691 29.172060217 30
121 110.745914809 40.403855524 29.172060212 30
121 113.745914809 40.403585357 29.172060208 30
121 116.745914808 40.403315190 29.172060204 30
121 119.745914808 40.403045023 29.172060200 30
121 122.787296072 40.402999991 29.172413598 30
121 125.787296071 40.403270158 29.172413604 30
121 128.787296071 40.403540326 29.172413610 30
121 131.787296070 40.403810493 29.172413615 30
121 134.787296067 40.404080660 29.172413621 30
121 137.787296065 40.404350827 29.172413627 30
121 140.787296062 40.404620994 29.172413632 30
121 143.787296057 40.404891161 29.172413638 30
121 146.787296051 40.405161328 29.172413644 30
121 149.787296043 40.405431495 29.172413649 30
121 152.828677303 40.405476518 29.172767063 30
121 155.828677295 40.405206351 29.172767056 30
121 158.828677287 40.404936184 29.172767049 30
121 161.828677282 40.404666017 29.172767042 30
121 164.828677279 40.404395850 29.172767035 30
121 167.828677276 40.404125683 29.172767028 30
121 170.828677273 40.403855516 29.172767020 30
121 173.828677271 40.403585349 29.172767013 30
121 176.828677271 40.403315181 29.172767006 30
121 179.828677269 40.403045014 29.172766999 30
121 182.870058532 40.402999981 29.173120398 30
121 185.870058531 40.403270148 29.173120406 30
121 188.870058530 40.403540315 29.173120415 30
121 191.870058528 40.403810482 29.173120423 30
121 194.870058526 40.404080649 29.173120432 30
121 197.870058522 40.404350816 29.173120440 30
121 200.870058518 40.404620983 29.173120449 30
121 203.870058513 40.404891150 29.173120457 30
121 206.870058506 40.405161317 29.173120466 30
121 209.870058497 40.405431484 29.173120474 30
121 213.775183330 40.405206338 29.173473878 30
121 216.775183323 40.404936171 29.173473868 30
121 219.775183317 40.404666004 29.173473858 30
121 222.775183312 40.404395837 29.173473848 30
121 225.775183309 40.404125670 29.173473839 30
121 228.775183305 40.403855503 29.173473829 30
121 231.775183303 40.403585336 29.173473819 30
121 234.775183301 40.403315168 29.173473809 30
121 237.775183299 40.403045001 29.173473799 30
121 240.816564559 40.402999965 29.173827197 30
121 243.816564557 40.403270133 29.173827208 30
121 246.816564555 40.403540300 29.173827220 30
121 249.816564552 40.403810467 29.173827231 30
121 252.816564548 40.404080634 29.173827242 30
121 255.816564545 40.404350801 29.173827253 30
121 258.816564539 40.404620968 29.173827265 30
121 261.816564533 40.404891135 29.173827276 30
121 264.816564525 40.405161302 29.173827287 30
121 267.816564516 40.405431469 29.173827299 30
121 271.721689347 40.405206321 29.174180700 30
121 274.721689339 40.404936153 29.174180688 30
121 277.721689331 40.404665986 29.174180675 30
121 280.721689325 40.404395819 29.174180662 30
121 283.721689320 40.404125652 29.174180650 30
121 286.721689317 40.403855485 29.174180637 30
121 289.721689314 40.403585318 29.174180624 30
121 292.721689310 40.403315151 29.174180611 30
121 295.721689308 40.403044984 29.174180599 30
121 298.763070563 40.402999946 29.174533996 30
121 301.763070561 40.403270113 29.174534010 30
121 304.763070557 40.403540280 29.174534024 30
121 307.763070553 40.403810447 29.174534039 30
121 310.763070548 40.404080614 29.174534053 30
121 313.763070543 40.404350781 29.174534067 30
121 316.763070536 40.404620948 29.174534081 30
121 319.763070529 40.404891115 29.174534095 30
121 322.763070520 40.405161282 29.174534109 30
121 325.763070509 40.405431449 29.174534123 30
121 329.668195339 40.405206299 29.174887523 30
121 332.668195329 40.404936132 29.174887507 30
121 335.668195320 40.404665965 29.174887492 30
121 338.668195314 40.404395798 29.174887476 30
121 341.668195307 40.404125631 29.174887461 30
121 344.668195302 40.403855464 29.174887445 30
121 347.668195297 40.403585297 29.174887430 30
121 350.668195293 40.403315130 29.174887414 30
121 353.668195288 40.403044963 29.174887398 30
121 356.709576540 40.402999922 29.175240795 30
121 359.709576535 40.403270089 29.175240812 30
121 362.709576530 40.403540256 29.175240829 30
121 365.709576524 40.403810423 29.175240846 30
121 368.709576519 40.404080591 29.175240863 30
121 371.709576512 40.404350758 29.175240880 30
121 374.709576504 40.404620925 29.175240897 30
121 377.709576495 40.404891092 29.175240914 30
121 380.709576485 40.405161259 29.175240931 30
121 383.709576472 40.405431426 29.175240948 30
